HINC-01. Selected Characteristics of Households, by Total Money Income in 2006

[Source:  U.S. Census Bureau, Current Population Survey, 2007 Annual Social and Economic Supplement. Numbers in thousands.
          Households as of March of the following year.  A.O.I.C. stands for alone or in combination]

                                                            $2,500    $5,000    $7,500   $10,000   $12,500   $15,000   $17,500   $20,000   $22,500   $25,000
                                                   Under        to        to        to        to        to        to        to        to        to        to
                                         Total    $2,500    $4,999    $7,499    $9,999   $12,499   $14,999   $17,499   $19,999   $22,499   $24,999   $27,499

All Races
All Households.................        116,011     2,533     1,030     2,124     3,002     3,677     3,203     3,677     3,169     3,886     3,005     3,750

 TYPE OF RESIDENCE

Inside metro statistical areas          96,739     2,113       838     1,632     2,344     2,849     2,416     2,897     2,508     3,033     2,381     3,066
  Inside principal cities......         38,488     1,151       497       841     1,241     1,470     1,127     1,289     1,161     1,456     1,019     1,303
  Outside principal cities.....         58,251       962       341       791     1,103     1,379     1,289     1,608     1,347     1,577     1,362     1,763
Outside metro statistical areas 5/..    19,272       420       192       492       657       828       787       780       660       853       625       684

REGIONS/DIVISIONS

Northeast......................         21,261       501       155       407       641       601       595       633       515       636       499       612
 New England...................          5,606       144        29        93       172       158       138       176       143       139       120       152
 Middle Atlantic...............         15,655       357       126       314       469       443       457       457       372       497       380       461
Midwest........................         26,508       556       264       477       634       782       745       833       696       915       746       761
 East North Central............         18,429       425       198       347       425       562       492       580       472       633       525       518
 West North Central............          8,079       131        66       130       209       220       253       253       225       281       221       243
South..........................         42,587     1,007       432       898     1,239     1,474     1,229     1,488     1,299     1,494     1,116     1,617
 South Atlantic................         22,835       480       214       441       515       696       595       730       650       723       539       855
 East South Central............          7,002       179        70       163       308       295       261       305       198       274       217       268
 West South Central............         12,750       348       148       294       416       482       373       453       451       496       361       494
West...........................         25,656       468       179       341       487       821       635       723       658       842       643       759
 Mountain......................          8,093       185        65       112       158       242       179       251       217       275       217       276
 Pacific.......................         17,563       283       113       229       329       579       456       472       441       567       427       484

TYPE OF HOUSEHOLD

Family households..............         78,425     1,123       509       788       934     1,306     1,239     1,687     1,594     1,997     1,695     2,122
 Married-couple families.......         58,945       458       134       261       298       527       543       859       914     1,167     1,041     1,309
 Male householder, nsp.........          5,063        93        33        61        80       102       104       135       116       192       119       155
 Female householder, nsp.......         14,416       572       343       465       555       677       592       693       564       637       535       658
Nonfamily households...........         37,587     1,410       520     1,336     2,068     2,371     1,965     1,990     1,574     1,890     1,311     1,628
 Male householder..............         17,338       642       215       447       644       842       576       659       583       810       550       726
   Living alone................         13,528       583       182       415       595       797       528       566       508       708       457       609
 Female householder............         20,249       768       305       889     1,423     1,528     1,389     1,332       992     1,079       761       902
   Living alone................         17,604       715       285       860     1,374     1,499     1,344     1,261       931       992       684       796

AGE OF HOUSEHOLDER

Under 65 years.................         92,282     2,132       845     1,484     1,769     2,160     1,658     2,191     1,889     2,621     1,913     2,649
  15 to 24 years...............          6,662       380       206       247       221       260       254       295       285       347       208       290
  25 to 34 years...............         19,435       406       187       297       317       429       403       499       386       662       514       682
  35 to 44 years...............         22,779       384       140       286       315       458       314       469       400       542       412       614
  45 to 54 years...............         24,140       525       137       308       419       461       345       468       359       547       372       544
  55 to 64 years...............         19,266       437       175       347       497       552       342       460       458       522       406       520
65 years and over..............         23,729       401       185       640     1,232     1,517     1,545     1,486     1,279     1,265     1,092     1,101
  65 to 74 years...............         11,926       165        79       285       521       563       493       543       558       519       481       511
  75 years and over............         11,803       237       105       354       711       954     1,052       944       721       746       611       590

Mean age of householder........           49.3      46.2      45.2      51.4      56.7      56.5      58.1      55.4      55.3      52.1      53.5      50.9
HINC-01. Selected Characteristics of Households, by Total Money Income in 2006

[Source:  U.S. Census Bureau, Current Population Survey, 2007 Annual Social and Economic Supplement. Numbers in thousands.
          Households as of March of the following year.  A.O.I.C. stands for alone or in combination]

                                                            $2,500    $5,000    $7,500   $10,000   $12,500   $15,000   $17,500   $20,000   $22,500   $25,000
                                                   Under        to        to        to        to        to        to        to        to        to        to
                                         Total    $2,500    $4,999    $7,499    $9,999   $12,499   $14,999   $17,499   $19,999   $22,499   $24,999   $27,499

SIZE OF HOUSEHOLD

One person.....................         31,132     1,298       468     1,274     1,969     2,295     1,872     1,827     1,439     1,700     1,141     1,404
Two people.....................         38,580       689       251       428       543       696       717     1,047       937     1,249     1,118     1,358
Three people...................         18,808       292       172       218       254       327       265       384       399       446       315       442
Four people....................         16,172       134        80       112       138       221       196       237       207       251       246       250
Five people....................          7,202        74        35        45        53        81        84       115       117       154       118       192
Six people.....................          2,702        36        13        36        33        36        42        48        39        61        38        69
Seven people or more...........          1,415        10        12        12        12        20        27        20        30        25        30        35

Mean size of household.........           2.56      1.91      2.09      1.77      1.64      1.73      1.80      1.93      2.03      2.05      2.14      2.18

NUMBER OF EARNERS

No earners.....................         24,305     2,106       562     1,381     2,122     2,143     1,914     1,709     1,479     1,315     1,076     1,035
One earner.....................         42,906       399       423       692       779     1,404     1,092     1,685     1,370     2,068     1,494     2,133
Two earners or more............         48,800        29        45        51       100       131       197       284       319       502       435       581
  2 earners....................         38,987        25        43        50        97       121       178       265       301       470       412       522
  3 earners....................          7,349         4         1         1         2         9        18        18        18        28        21        50
  4 earners or more............          2,464         0         0         0         1         1         2         0         0         5         2        10

Mean number of earners.........           1.36      0.19      0.51      0.38      0.33      0.46      0.48      0.63      0.65      0.82      0.81      0.92

WORK EXPERIENCE OF
HOUSEHOLDER

     Total.....................        116,011     2,533     1,030     2,124     3,002     3,677     3,203     3,677     3,169     3,886     3,005     3,750
Worked.........................         80,490       345       404       648       730     1,343     1,120     1,630     1,390     2,208     1,641     2,293
  Worked at f-t jobs...........         68,612       182       223       309       373       842       710     1,141     1,018     1,762     1,263     1,888
    50 weeks or more...........         59,302        96        55       116       162       471       430       831       737     1,446       974     1,583
    27 to 49 weeks.............          6,064        15        43        55        77       192       159       174       158       195       182       183
    26 weeks or less...........          3,245        71       125       138       135       179       120       136       123       120       107       121
  Worked at p-t jobs...........         11,879       162       181       339       357       501       410       489       372       446       379       405
    50 weeks or more...........          6,613        26        50       136       147       241       188       246       198       258       221       249
    27 to 49 weeks.............          2,526        28        32        74        83       117        94       125        74        94        73        84
    26 weeks or less...........          2,740       108        99       128       127       144       128       118       101        94        85        72
Did not work...................         35,521     2,189       626     1,476     2,272     2,334     2,084     2,048     1,779     1,678     1,364     1,457

EDUCATIONAL ATTAINMENT
 OF HOUSEHOLDER

 Total, 25 yrs & over..........        109,349     2,154       823     1,877     2,780     3,417     2,949     3,382     2,883     3,539     2,797     3,460
Less than 9th grade............          5,701       175        85       308       525       511       394       387       334       365       175       221
9th to 12th grade, no diploma..          9,127       317       155       438       601       574       512       522       430       512       364       382
High School graduate
(includes equivalency).........         32,851       694       254       668       923     1,237     1,189     1,297     1,173     1,401     1,117     1,358
Some college, no degree........         19,321       344       166       234       378       568       438       520       461       572       526       710
Associate Degree...............          9,723       159        46       109       154       213       171       249       183       256       222       307
Bachelor's Degree or more......         32,626       465       117       120       200       315       245       408       302       431       393       482
  Bachelor's Degree............         21,082       307        82       101       149       246       183       294       207       304       300       378
  Master's Degree..............          8,128       100        21        17        38        43        56        77        60        86        71        80
  Professional Degree..........          1,860        36         9         2         7        15         3        15        22        26        16        15
  Doctorate Degree.............          1,556        21         3         0         6        12         4        22        12        15         6         9

TENURE

Owner occupied.................         79,266     1,031       362       806     1,150     1,708     1,607     1,950     1,682     2,099     1,727     2,073
Renter occupied................         35,129     1,394       624     1,246     1,756     1,879     1,521     1,616     1,405     1,686     1,234     1,580
Occupier paid no cash
rent...........................          1,617       108        44        71        95        89        75       112        81       101        45        97
HINC-01. Selected Characteristics of Households, by Total Money Income in 2006

[Source:  U.S. Census Bureau, Current Population Survey, 2007 Annual Social and Economic Supplement. Numbers in thousands.
          Households as of March of the following year.  A.O.I.C. stands for alone or in combination]

                                       $27,500   $30,000   $32,500   $35,000   $37,500   $40,000   $42,500   $45,000   $47,500   $50,000   $52,500   $55,000
                                            to        to        to        to        to        to        to        to        to        to        to        to
                                       $29,999   $32,499   $34,999   $37,499   $39,999   $42,499   $44,999   $47,499   $49,999   $52,499   $54,999   $57,499

All Races
All Households.................          2,880     4,096     2,627     3,489     2,486     3,607     2,270     2,879     2,195     3,354     1,920     2,428

 TYPE OF RESIDENCE

Inside metro statistical areas           2,273     3,348     2,082     2,886     1,999     2,990     1,878     2,387     1,751     2,835     1,579     1,965
  Inside principal cities......            987     1,539       870     1,208       798     1,250       723       948       657     1,171       633       739
  Outside principal cities.....          1,286     1,809     1,212     1,678     1,201     1,739     1,155     1,438     1,094     1,663       946     1,226
Outside metro statistical areas 5/..       608       747       546       603       487       617       392       492       444       520       341       463

REGIONS/DIVISIONS

Northeast......................            465       706       437       543       443       559       350       509       348       578       343       431
 New England...................            117       192       113       151       121       118        98       113        72       111        97        81
 Middle Atlantic...............            348       513       324       392       322       441       252       396       276       467       246       350
Midwest........................            747       894       595       809       575       861       597       691       555       776       501       595
 East North Central............            515       638       387       557       402       599       439       478       391       543       362       380
 West North Central............            232       256       208       252       172       262       159       213       164       233       138       215
South..........................          1,087     1,637     1,046     1,384       980     1,394       856     1,063       784     1,273       649       871
 South Atlantic................            566       854       538       781       513       772       454       538       424       753       361       474
 East South Central............            192       274       204       195       171       224       161       196       132       157       104       170
 West South Central............            329       508       303       407       295       397       241       329       228       362       184       227
West...........................            581       859       550       754       488       794       466       617       508       728       428       532
 Mountain......................            190       308       199       257       174       268       149       204       171       234       144       169
 Pacific.......................            390       551       350       497       314       525       317       413       337       494       284       363

TYPE OF HOUSEHOLD

Family households..............          1,726     2,451     1,726     2,210     1,723     2,339     1,643     1,943     1,613     2,273     1,429     1,802
 Married-couple families.......          1,101     1,616     1,145     1,438     1,212     1,680     1,202     1,432     1,230     1,713     1,038     1,391
 Male householder, nsp.........            152       226       161       219       130       213       104       164       105       190       115       149
 Female householder, nsp.......            474       610       419       554       381       446       337       347       277       371       276       262
Nonfamily households...........          1,155     1,645       902     1,279       762     1,267       627       936       582     1,081       491       626
 Male householder..............            512       872       429       659       363       714       316       530       319       645       262       337
   Living alone................            431       760       351       550       275       599       237       407       238       541       170       244
 Female householder............            643       773       472       620       399       553       311       406       263       437       229       289
   Living alone................            565       695       406       538       352       439       266       339       200       361       182       223

AGE OF HOUSEHOLDER

Under 65 years.................          1,863     3,177     1,913     2,756     1,819     3,035     1,720     2,442     1,782     2,929     1,564     2,117
  15 to 24 years...............            228       289       219       273       156       311       154       173       119       181        97       138
  25 to 34 years...............            453       820       434       759       401       761       431       599       416       703       365       516
  35 to 44 years...............            456       741       426       661       413       747       410       629       420       770       325       537
  45 to 54 years...............            388       704       396       577       427       686       372       565       458       696       413       489
  55 to 64 years...............            337       623       438       486       421       531       352       477       369       578       365       437
65 years and over..............          1,017       919       714       734       667       572       550       437       413       425       356       311
  65 to 74 years...............            513       481       431       394       372       326       311       248       273       251       190       198
  75 years and over............            504       438       282       340       295       246       239       189       140       174       166       113

Mean age of householder........           52.5      48.7      50.3      47.5      50.9      46.0      49.5      46.6      48.2      46.2      48.9      46.1
HINC-01. Selected Characteristics of Households, by Total Money Income in 2006

[Source:  U.S. Census Bureau, Current Population Survey, 2007 Annual Social and Economic Supplement. Numbers in thousands.
          Households as of March of the following year.  A.O.I.C. stands for alone or in combination]

                                       $27,500   $30,000   $32,500   $35,000   $37,500   $40,000   $42,500   $45,000   $47,500   $50,000   $52,500   $55,000
                                            to        to        to        to        to        to        to        to        to        to        to        to
                                       $29,999   $32,499   $34,999   $37,499   $39,999   $42,499   $44,999   $47,499   $49,999   $52,499   $54,999   $57,499

SIZE OF HOUSEHOLD

One person.....................            996     1,454       757     1,089       627     1,038       503       746       438       902       352       467
Two people.....................          1,064     1,381     1,043     1,130     1,001     1,196       909     1,003       868     1,078       834       890
Three people...................            430       519       352       564       382       582       374       483       375       544       301       406
Four people....................            197       433       242       386       248       445       266       352       311       488       253       386
Five people....................            121       196       144       205       125       230       131       180       114       214       105       180
Six people.....................             52        71        60        69        56        70        63        83        63        74        45        63
Seven people or more...........             20        42        30        47        47        45        25        32        26        55        30        35

Mean size of household.........           2.20      2.28      2.36      2.43      2.47      2.48      2.57      2.56      2.63      2.61      2.63      2.73

NUMBER OF EARNERS

No earners.....................            918       804       565       538       529       416       387       305       258       283       237       201
One earner.....................          1,398     2,439     1,321     1,918     1,157     1,944       979     1,407       909     1,650       709       945
Two earners or more............            564       853       741     1,033       800     1,247       903     1,167     1,027     1,422       974     1,282
  2 earners....................            506       776       658       913       708     1,117       786     1,033       899     1,226       825     1,093
  3 earners....................             49        76        75       105        83       118        98       111       105       172       130       166
  4 earners or more............              9         2         8        16         9        12        19        23        23        24        19        23

Mean number of earners.........           0.92      1.05      1.13      1.22      1.18      1.30      1.33      1.39      1.46      1.44      1.52      1.57

WORK EXPERIENCE OF
HOUSEHOLDER

     Total.....................          2,880     4,096     2,627     3,489     2,486     3,607     2,270     2,879     2,195     3,354     1,920     2,428
Worked.........................          1,632     2,813     1,745     2,515     1,674     2,690     1,562     2,234     1,640     2,671     1,440     1,925
  Worked at f-t jobs...........          1,335     2,465     1,383     2,187     1,393     2,339     1,286     1,984     1,405     2,363     1,225     1,689
    50 weeks or more...........          1,062     2,102     1,162     1,902     1,146     2,030     1,065     1,747     1,218     2,126     1,059     1,498
    27 to 49 weeks.............            154       267       149       212       171       205       147       172       124       155       116       139
    26 weeks or less...........            119        96        72        73        77       104        74        64        63        81        50        53
  Worked at p-t jobs...........            297       349       362       328       281       350       276       250       235       308       215       236
    50 weeks or more...........            146       215       164       187       177       217       143       149       141       195        92       134
    27 to 49 weeks.............             68        72        73        80        47        60        72        44        56        71        67        69
    26 weeks or less...........             82        61       125        61        57        74        61        57        38        41        56        33
Did not work...................          1,248     1,282       882       975       811       917       708       645       554       684       480       503

EDUCATIONAL ATTAINMENT
 OF HOUSEHOLDER

 Total, 25 yrs & over..........          2,652     3,807     2,408     3,217     2,329     3,296     2,116     2,706     2,076     3,173     1,823     2,290
Less than 9th grade............            178       232       123       227       123       128       117       102       110        87        61        89
9th to 12th grade, no diploma..            321       408       235       353       201       319       167       228       171       205        98       160
High School graduate
(includes equivalency).........          1,065     1,398       887     1,123       834     1,145       759       967       653     1,035       601       752
Some college, no degree........            471       747       468       565       451       684       478       501       434       633       368       443
Associate Degree...............            201       305       231       326       214       297       170       253       210       328       175       202
Bachelor's Degree or more......            416       717       464       624       506       723       425       656       498       884       521       644
  Bachelor's Degree............            285       557       343       466       364       467       301       467       356       632       321       446
  Master's Degree..............             89       134        96       123       109       184        89       154       106       205       160       146
  Professional Degree..........             24        16         9        16        13        38        10        14        23        20        24        28
  Doctorate Degree.............             17        10        16        19        20        35        25        21        13        27        16        24

TENURE

Owner occupied.................          1,755     2,373     1,730     2,099     1,608     2,230     1,569     1,890     1,532     2,278     1,415     1,757
Renter occupied................          1,093     1,653       861     1,355       849     1,325       665       950       635     1,026       492       640
Occupier paid no cash
rent...........................             31        70        36        35        29        51        36        39        27        50        14        32
HINC-01. Selected Characteristics of Households, by Total Money Income in 2006

[Source:  U.S. Census Bureau, Current Population Survey, 2007 Annual Social and Economic Supplement. Numbers in thousands.
          Households as of March of the following year.  A.O.I.C. stands for alone or in combination]

                                       $57,500   $60,000   $62,500   $65,000   $67,500   $70,000   $72,500   $75,000   $77,500   $80,000   $82,500   $85,000
                                            to        to        to        to        to        to        to        to        to        to        to        to
                                       $59,999   $62,499   $64,999   $67,499   $69,999   $72,499   $74,999   $77,499   $79,999   $82,499   $84,999   $87,499

All Races
All Households.................          1,828     2,712     1,645     2,108     1,424     2,332     1,399     1,906     1,267     1,784     1,223     1,425

 TYPE OF RESIDENCE

Inside metro statistical areas           1,522     2,241     1,341     1,742     1,167     1,972     1,178     1,643     1,084     1,561     1,067     1,199
  Inside principal cities......            527       880       488       652       395       753       403       586       366       631       324       406
  Outside principal cities.....            995     1,361       853     1,090       771     1,220       775     1,058       718       930       742       793
Outside metro statistical areas 5/..       306       471       304       366       258       360       221       263       183       224       156       226

REGIONS/DIVISIONS

Northeast......................            307       458       284       371       272       433       257       381       258       329       243       238
 New England...................             76       107        80        94        92       112        83        94        45        85        76        63
 Middle Atlantic...............            230       351       205       277       181       321       173       287       213       244       167       175
Midwest........................            461       598       390       500       356       561       363       427       323       374       270       393
 East North Central............            314       436       255       348       243       408       228       297       212       255       187       293
 West North Central............            147       163       135       152       112       153       135       130       111       118        84       100
South..........................            631       995       584       755       476       848       467       660       410       614       450       507
 South Atlantic................            340       580       312       417       274       470       250       351       236       363       242       300
 East South Central............            106       138        72       145        50       131        79       107        52        99        67        75
 West South Central............            185       277       200       193       152       248       138       203       123       151       141       133
West...........................            429       660       387       483       320       491       312       437       277       468       259       286
 Mountain......................            115       196       135       190       119       140        96       145        95       158        92        91
 Pacific.......................            315       464       252       293       202       351       216       292       182       310       167       196

TYPE OF HOUSEHOLD

Family households..............          1,399     1,937     1,275     1,668     1,136     1,805     1,133     1,515     1,030     1,431     1,018     1,196
 Married-couple families.......          1,098     1,541       995     1,317       917     1,504       936     1,249       863     1,194       878     1,019
 Male householder, nsp.........            109       122        88       106        77       100        63        95        64        88        53        68
 Female householder, nsp.......            193       275       193       245       142       201       133       171       103       148        87       109
Nonfamily households...........            428       775       369       440       288       527       267       392       238       354       206       229
 Male householder..............            180       416       221       256       164       269       146       216       122       192       133       127
   Living alone................            122       309       137       171        95       171        87       148        68       122        71        91
 Female householder............            248       359       149       184       123       258       121       175       115       162        72       102
   Living alone................            163       268        91       131        77       183        78       132        80       107        40        78

AGE OF HOUSEHOLDER

Under 65 years.................          1,558     2,439     1,444     1,872     1,191     2,093     1,213     1,688     1,099     1,636     1,081     1,336
  15 to 24 years...............            102       143        73        85        58        72        54        80        42        51        22        27
  25 to 34 years...............            330       616       336       444       284       450       247       366       234       344       240       267
  35 to 44 years...............            417       628       342       468       287       615       311       465       294       488       285       356
  45 to 54 years...............            385       653       395       525       281       586       353       442       316       445       304       409
  55 to 64 years...............            323       399       297       352       282       371       248       335       213       308       230       278
65 years and over..............            270       273       201       236       233       239       186       218       168       149       142        89
  65 to 74 years...............            164       176       128       174       137       162       114       142        98        75        80        54
  75 years and over............            106        97        73        63        96        76        73        76        70        74        62        35

Mean age of householder........           47.3      44.9      46.6      46.1      48.0      46.0      47.7      46.2      47.5      45.7      47.3      46.0
HINC-01. Selected Characteristics of Households, by Total Money Income in 2006

[Source:  U.S. Census Bureau, Current Population Survey, 2007 Annual Social and Economic Supplement. Numbers in thousands.
          Households as of March of the following year.  A.O.I.C. stands for alone or in combination]

                                       $57,500   $60,000   $62,500   $65,000   $67,500   $70,000   $72,500   $75,000   $77,500   $80,000   $82,500   $85,000
                                            to        to        to        to        to        to        to        to        to        to        to        to
                                       $59,999   $62,499   $64,999   $67,499   $69,999   $72,499   $74,999   $77,499   $79,999   $82,499   $84,999   $87,499

SIZE OF HOUSEHOLD

One person.....................            285       578       228       302       172       355       164       281       148       230       111       169
Two people.....................            726       919       674       761       552       816       536       668       472       635       464       470
Three people...................            318       451       328       443       279       452       275       355       240       390       249       304
Four people....................            265       428       251       326       264       435       263       396       222       316       257       309
Five people....................            129       216       101       194        95       164       114       134       133       145        92       108
Six people.....................             78        71        37        46        40        77        29        48        32        54        36        48
Seven people or more...........             26        49        26        35        24        32        18        24        21        15        15        16

Mean size of household.........           2.79      2.75      2.78      2.89      2.89      2.88      2.89      2.88      3.00      2.90      3.00      3.00

NUMBER OF EARNERS

No earners.....................            195       134       104        96       102       114        81        95        72        50        55        38
One earner.....................            598     1,155       533       743       421       744       407       652       302       583       284       354
Two earners or more............          1,035     1,422     1,007     1,269       901     1,473       911     1,159       894     1,151       884     1,033
  2 earners....................            862     1,184       852     1,053       737     1,198       725       959       703       930       663       815
  3 earners....................            135       184       131       182       124       228       152       164       152       161       180       174
  4 earners or more............             37        55        24        34        39        47        35        36        39        61        41        43

Mean number of earners.........           1.61      1.63      1.71      1.72      1.76      1.78      1.81      1.73      1.90      1.83      1.97      1.94

WORK EXPERIENCE OF
HOUSEHOLDER

     Total.....................          1,828     2,712     1,645     2,108     1,424     2,332     1,399     1,906     1,267     1,784     1,223     1,425
Worked.........................          1,390     2,297     1,344     1,802     1,172     2,009     1,164     1,617     1,052     1,560     1,055     1,277
  Worked at f-t jobs...........          1,226     2,084     1,200     1,614     1,011     1,830     1,036     1,439       933     1,405       944     1,135
    50 weeks or more...........          1,020     1,859     1,048     1,457       899     1,632       897     1,299       837     1,277       842     1,005
    27 to 49 weeks.............            157       158       116       108        91       143       109        98        65        91        79        89
    26 weeks or less...........             48        67        36        49        21        55        30        41        30        37        23        40
  Worked at p-t jobs...........            164       213       144       188       161       179       127       179       120       155       112       142
    50 weeks or more...........             89       112        96       130       116        93        69       106        59       125        59        75
    27 to 49 weeks.............             27        40        18        30        19        41        28        51        32        13        18        33
    26 weeks or less...........             48        61        30        29        25        45        30        22        28        17        35        33
Did not work...................            438       414       301       306       252       323       235       289       215       225       168       148

EDUCATIONAL ATTAINMENT
 OF HOUSEHOLDER

 Total, 25 yrs & over..........          1,725     2,569     1,571     2,024     1,367     2,260     1,345     1,826     1,226     1,733     1,201     1,398
Less than 9th grade............             47        60        31        37        38        52        24        30        16        20        22        22
9th to 12th grade, no diploma..            130       134        76       113        61       107        49        59        49        49        51        50
High School graduate
(includes equivalency).........            554       711       500       590       419       617       408       481       362       433       314       372
Some college, no degree........            335       511       321       408       258       416       241       398       267       316       214       252
Associate Degree...............            171       312       153       211       154       245       164       199       133       196       149       145
Bachelor's Degree or more......            488       841       490       665       435       822       459       659       400       720       452       556
  Bachelor's Degree............            341       578       322       449       285       547       317       422       286       504       318       369
  Master's Degree..............            116       196       134       184       126       213       103       179        94       166       114       153
  Professional Degree..........             13        23        19        11        15        39        28        31         8        32        11        13
  Doctorate Degree.............             18        44        15        22        10        23        12        28        12        18         9        20

TENURE

Owner occupied.................          1,373     1,976     1,243     1,626     1,146     1,855     1,133     1,511     1,035     1,384     1,019     1,153
Renter occupied................            443       714       392       457       267       462       257       385       215       388       202       267
Occupier paid no cash
rent...........................             12        22        10        26        10        15         9        10        17        13         2         4
HINC-01. Selected Characteristics of Households, by Total Money Income in 2006

[Source:  U.S. Census Bureau, Current Population Survey, 2007 Annual Social and Economic Supplement. Numbers in thousands.
          Households as of March of the following year.  A.O.I.C. stands for alone or in combination]

                                       $87,500   $90,000   $92,500   $95,000   $97,500  $100,000        Median income                Mean income
                                            to        to        to        to        to       and                    Standard                    Standard
                                       $89,999   $92,499   $94,999   $97,499   $99,999      over  Value (Dol.)  error (Dol.)  Value (Dol.)  error (Dol.)

All Races
All Households.................          1,009     1,437     1,008     1,167       898    22,151        48,201           207        66,570           257

 TYPE OF RESIDENCE

Inside metro statistical areas             869     1,264       864     1,030       766    20,180        50,616           146        69,966           298
  Inside principal cities......            257       457       266       331       251     6,438        42,627           313        61,788           431
  Outside principal cities.....            613       807       598       699       515    13,742        55,775           263        75,370           403
Outside metro statistical areas 5/..       140       173       144       137       132     1,971        38,293           466        49,522           446

REGIONS/DIVISIONS

Northeast......................            208       251       192       222       160     4,892        52,057           345        73,980           744
 New England...................             59        62        43        78        49     1,461        56,144         1,095        79,841         1,326
 Middle Atlantic...............            148       189       148       143       111     3,432        51,232           586        71,881         1,356
Midwest........................            276       327       255       268       263     4,499        47,836           391        63,121           474
 East North Central............            200       232       190       170       194     3,099        47,634           454        62,939           601
 West North Central............             76        95        65        98        69     1,400        48,316           681        63,536           745
South..........................            311       497       347       391       272     7,056        43,884           334        61,959           426
 South Atlantic................            164       285       212       226       150     4,196        47,324           414        65,701           612
 East South Central............             51        67        41        85        42       875        38,895           653        53,351           792
 West South Central............             96       145        93        80        80     1,984        41,364           409        59,984           798
West...........................            214       362       215       287       203     5,704        52,249           328        71,648           561
 Mountain......................             72       104        72        78        56     1,497        49,264           661        65,142           781
 Pacific.......................            142       259       143       209       147     4,206        54,359           674        74,646           738

TYPE OF HOUSEHOLD

Family households..............            864     1,210       847       991       747    19,350        59,894           245        78,454           341
 Married-couple families.......            734     1,066       765       834       662    17,665        69,716           340        88,808           422
 Male householder, nsp.........             42        52        32        68        25       692        47,078           624        59,968           977
 Female householder, nsp.......             88        92        50        89        61       993        31,818           263        42,615           451
Nonfamily households...........            145       227       161       176       150     2,801        29,083           224        41,774           309
 Male householder..............            101       148       125        97        95     1,677        35,614           267        48,994           541
   Living alone................             47        91        67        53        45       881        31,268           204        42,460           564
 Female householder............             43        79        37        79        55     1,124        23,876           250        35,592           330
   Living alone................             19        54        22        45        29       702        21,346           178        31,581           333

AGE OF HOUSEHOLDER

Under 65 years.................            886     1,333       914     1,063       806    20,203        54,726           259        72,906           308
  15 to 24 years...............             25        40        18        40        13       385        30,937           377        38,991           491
  25 to 34 years...............            196       315       189       190       133     2,814        49,164           447        62,128           603
  35 to 44 years...............            249       385       231       276       223     5,588        60,405           321        78,829           658
  45 to 54 years...............            264       383       288       344       261     6,852        64,874           475        84,342           690
  55 to 64 years...............            153       211       189       212       175     4,565        54,592           499        74,177           619
65 years and over..............            123       104        94       105        92     1,948        27,798           202        41,928           327
  65 to 74 years...............             85        70        60        76        55     1,369        33,953           338        49,698           523
  75 years and over............             38        35        34        29        37       579        22,815           237        34,078           377

Mean age of householder........           46.8      44.6      46.9      46.7      48.3      47.9           (X)           (X)           (X)           (X)
HINC-01. Selected Characteristics of Households, by Total Money Income in 2006

[Source:  U.S. Census Bureau, Current Population Survey, 2007 Annual Social and Economic Supplement. Numbers in thousands.
          Households as of March of the following year.  A.O.I.C. stands for alone or in combination]

                                       $87,500   $90,000   $92,500   $95,000   $97,500  $100,000        Median income                Mean income
                                            to        to        to        to        to       and                    Standard                    Standard
                                       $89,999   $92,499   $94,999   $97,499   $99,999      over  Value (Dol.)  error (Dol.)  Value (Dol.)  error (Dol.)

SIZE OF HOUSEHOLD

One person.....................             67       145        89        98        74     1,583        25,504           168        36,308           311
Two people.....................            363       493       342       467       353     7,442        51,536           243        68,660           404
Three people...................            245       319       209       248       161     4,714        61,436           406        78,201           738
Four people....................            210       288       219       229       201     5,214        72,870           590        92,401           832
Five people....................             80       120        95        82        75     2,114        66,823           583        88,734         1,311
Six people.....................             28        50        36        25        27       721        61,859         1,135        83,784         1,921
Seven people or more...........             17        21        19        20         8       363        60,864         1,094        79,887         2,109

Mean size of household.........           3.12      3.03      3.16      2.99      3.03      3.18           (X)           (X)           (X)           (X)

NUMBER OF EARNERS

No earners.....................             42        21        36        45        50       690        17,865           141        25,617           195
One earner.....................            191       355       206       245       174     4,643        39,309           239        54,923           388
Two earners or more............            776     1,061       766       878       674    16,817        78,994           330        97,208           450
  2 earners....................            571       850       573       687       530    12,073        74,513           364        92,716           484
  3 earners....................            152       161       142       144       107     3,217        91,500           709       110,206         1,359
  4 earners or more............             54        50        52        47        37     1,528       100,000          (NA)       129,511         1,876

Mean number of earners.........           2.06      1.96      2.05      1.98      1.96      2.09           (X)           (X)           (X)           (X)

WORK EXPERIENCE OF
HOUSEHOLDER

     Total.....................          1,009     1,437     1,008     1,167       898    22,151        48,201           207        66,570           257
Worked.........................            886     1,311       873     1,048       780    19,561        60,613           165        78,557           327
  Worked at f-t jobs...........            772     1,201       785       951       684    17,599        62,983           291        81,516           357
    50 weeks or more...........            683     1,088       715       872       614    16,238        66,210           223        84,942           394
    27 to 49 weeks.............             69        89        46        57        51     1,004        49,977           756        64,584           922
    26 weeks or less...........             20        24        24        22        19       357        33,616         1,053        50,552         1,275
  Worked at p-t jobs...........            114       110        87        97        96     1,962        42,009           415        61,465           787
    50 weeks or more...........             74        73        48        56        56     1,256        46,654           730        67,874         1,187
    27 to 49 weeks.............             23        26        29        25        23       390        41,819         1,083        58,562         1,351
    26 weeks or less...........             17        12        10        16        17       316        32,964           605        48,669         1,326
Did not work...................            123       126       135       120       117     2,590        24,840           184        39,409           347

EDUCATIONAL ATTAINMENT
 OF HOUSEHOLDER

 Total, 25 yrs & over..........            984     1,397       990     1,127       884    21,766        50,004           175        68,250           270
Less than 9th grade............             12        20        24         7        12       170        20,901           276        29,977           520
9th to 12th grade, no diploma..             38        41        23        21        20       383        25,912           334        34,615           443
High School graduate
(includes equivalency).........            263       297       229       255       205     3,312        39,426           290        51,270           373
Some college, no degree........            203       278       203       245       171     3,126        49,691           409        62,269           520
Associate Degree...............             94       154       113       126        79     1,943        56,017           650        68,761           784
Bachelor's Degree or more......            373       607       397       474       397    12,833        81,723           335       104,835           654
  Bachelor's Degree............            237       393       257       313       247     7,341        75,861           459        95,284           734
  Master's Degree..............            114       170       117       112       109     3,484        88,422         1,036       111,913         1,412
  Professional Degree..........             13        24        17        22        26     1,114       100,000          (NA)       150,750         3,420
  Doctorate Degree.............              9        20         6        27        16       894       100,000          (NA)       142,396         3,699

TENURE

Owner occupied.................            856     1,177       848     1,011       788    19,699        59,688           274        78,118           338
Renter occupied................            146       253       152       155       106     2,383        30,801           151        41,971           321
Occupier paid no cash
rent...........................              6         7         8         2         4        69        24,223         1,083        34,900         1,203
HINC-01. Selected Characteristics of Households, by Total Money Income in 2006

[Source:  U.S. Census Bureau, Current Population Survey, 2007 Annual Social and Economic Supplement. Numbers in thousands.
          Households as of March of the following year.  A.O.I.C. stands for alone or in combination]

                                                                                 Income per
                                                                              household member
                                             Gini ratio                                  Standard
                                                       Standard                             error
                                            ratio         error    B-Cell  Value (Dol.)    (Dol.)

All Races
All Households.................             0.447        0.0025     1,140        26,036       116

 TYPE OF RESIDENCE

Inside metro statistical areas              0.445        0.0027     1,140        27,156       127
  Inside principal cities......             0.468        0.0044     1,140        24,982       197
  Outside principal cities.....             0.426        0.0034     1,140        28,500       171
Outside metro statistical areas 5/..        0.429        0.0073     1,710        20,144       229

REGIONS/DIVISIONS

Northeast......................             0.452        0.0058     1,197        29,072       332
 New England...................             0.447        0.0096       901        31,780       613
 Middle Atlantic...............             0.453        0.0109     3,054        28,119       621
Midwest........................             0.431        0.0052     1,174        25,560       227
 East North Central............             0.431        0.0065     1,254        25,365       287
 West North Central............             0.430        0.0087       992        26,012       378
South..........................             0.456        0.0043     1,231        24,447       190
 South Atlantic................             0.447        0.0058     1,208        26,398       283
 East South Central............             0.457        0.0102     1,140        21,406       381
 West South Central............             0.467        0.0083     1,322        22,729       348
West...........................             0.437        0.0054     1,254        26,592       246
 Mountain......................             0.434        0.0087     1,003        25,105       368
 Pacific.......................             0.437        0.0067     1,345        27,241       319

TYPE OF HOUSEHOLD

Family households..............             0.407        0.0029     1,140        24,606       121
 Married-couple families.......             0.371        0.0033     1,140        27,719       151
 Male householder, nsp.........             0.404        0.0120     1,140        19,191       376
 Female householder, nsp.......             0.452        0.0073     1,140        13,538       166
Nonfamily households...........             0.476        0.0047     1,140        33,716       310
 Male householder..............             0.459        0.0068     1,140        36,919       506
   Living alone................             0.461        0.0079     1,140        42,460       731
 Female householder............             0.477        0.0064     1,140        30,588       376
   Living alone................             0.470        0.0070     1,140        31,581       448

AGE OF HOUSEHOLDER

Under 65 years.................             0.427        0.0027     1,140        26,350       124
  15 to 24 years...............             0.447        0.0105     1,140        15,813       256
  25 to 34 years...............             0.410        0.0061     1,140        21,748       241
  35 to 44 years...............             0.406        0.0055     1,140        24,083       231
  45 to 54 years...............             0.404        0.0052     1,140        30,291       287
  55 to 64 years...............             0.435        0.0059     1,140        34,348       353
65 years and over..............             0.469        0.0060     1,140        24,095       235
  65 to 74 years...............             0.461        0.0082     1,140        26,264       351
  75 years and over............             0.456        0.0088     1,140        21,481       307

Mean age of householder........               (X)           (X)       1.0           (X)       (X)
HINC-01. Selected Characteristics of Households, by Total Money Income in 2006

[Source:  U.S. Census Bureau, Current Population Survey, 2007 Annual Social and Economic Supplement. Numbers in thousands.
          Households as of March of the following year.  A.O.I.C. stands for alone or in combination]

                                                                                 Income per
                                                                              household member
                                             Gini ratio                                  Standard
                                                       Standard                             error
                                            ratio         error    B-Cell  Value (Dol.)    (Dol.)

SIZE OF HOUSEHOLD

One person.....................             0.472        0.0053     1,140        36,308       401
Two people.....................             0.416        0.0043     1,140        33,823       241
Three people...................             0.406        0.0060     1,140        25,457       277
Four people....................             0.366        0.0063     1,140        22,815       242
Five people....................             0.384        0.0096     1,140        17,558       299
Six people.....................             0.397        0.0158     1,140        13,798       371
Seven people or more...........             0.364        0.0220     1,140        10,190       335

Mean size of household.........               (X)           (X)      1.00           (X)       (X)

NUMBER OF EARNERS

No earners.....................             0.478        0.0060     1,140        15,784       153
One earner.....................             0.436        0.0045     1,140        25,386       202
Two earners or more............             0.321        0.0037     1,140        28,864       159
  2 earners....................             0.328        0.0041     1,140        30,043       189
  3 earners....................             0.290        0.0093     1,140        26,508       398
  4 earners or more............             0.118        0.0157     1,140        23,676       489

Mean number of earners.........               (X)           (X)      1.00           (X)       (X)

WORK EXPERIENCE OF
HOUSEHOLDER

     Total.....................             0.447        0.0025     1,140        26,036       116
Worked.........................             0.393        0.0029     1,140        28,836       135
  Worked at f-t jobs...........             0.378        0.0032     1,140        29,723       149
    50 weeks or more...........             0.366        0.0034     1,140        30,866       165
    27 to 49 weeks.............             0.405        0.0108     1,140        24,231       428
    26 weeks or less...........             0.492        0.0156     1,140        18,628       540
  Worked at p-t jobs...........             0.466        0.0079     1,140        23,467       346
    50 weeks or more...........             0.448        0.0105     1,140        25,877       521
    27 to 49 weeks.............             0.459        0.0170     1,140        22,291       630
    26 weeks or less...........             0.504        0.0167     1,140        18,698       588
Did not work...................             0.516        0.0051     1,140        18,099       176

EDUCATIONAL ATTAINMENT
 OF HOUSEHOLDER

 Total, 25 yrs & over..........             0.443        0.0025     1,140        26,635       117
Less than 9th grade............             0.450        0.0119     1,140        10,943       223
9th to 12th grade, no diploma..             0.445        0.0091     1,140        13,175       202
High School graduate
(includes equivalency).........             0.426        0.0047     1,140        20,479       171
Some college, no degree........             0.408        0.0060     1,140        24,199       243
Associate Degree...............             0.400        0.0083     1,140        26,369       369
Bachelor's Degree or more......             0.348        0.0043     1,140        41,068       306
  Bachelor's Degree............             0.366        0.0055     1,140        37,190       348
  Master's Degree..............             0.322        0.0086     1,140        44,376       689
  Professional Degree..........             0.107        0.0159     1,140        57,117     1,693
  Doctorate Degree.............             0.134        0.0178     1,140        57,335     1,926

TENURE

Owner occupied.................             0.411        0.0029     1,140        29,485       143
Renter occupied................             0.464        0.0048     1,140        17,766       153
Occupier paid no cash
rent...........................             0.487        0.0233     1,140        15,575       634

Race Footnotes


Source: U.S. Census Bureau
Contact: Demographic Call Center Staff at 301-763-2422 or 1-866-758-1060 (toll free)
Last revised: August 28, 2007